832957
820702
832958
820708
867518
837080
833204
849723
972405
859114
839946
844631
884493
820712
867442
837081
895161
833205
900400
5028038
4997554
853321
853028
973129
949861
859170
838347
844526
878165
4905734
874734
884494
826118
867443
847625
839953
851390
840604
891430
906137
817625
833206
899278
5028039
942162
832957
820702
832958
820708
867518
837080
833204
849723
972405
859114
839946
844631
884493
820712
867442
837081
895161
833205
900400
5028038
4997554
853321
853028
973129
949861
859170
838347
844526
878165
4905734
874734
884494
826118
867443
847625
839953
851390
840604
891430
906137
817625
833206
899278
5028039
843184
843185
837048
895935
843111
838499
854839
972422
856855
853441
862982
881971
895882
837049
856891
841279
841883
860519
854684
847728
972423
4903570
913557
856803
853235
862983
4903863
922556
876702
881359
951613
858757
848507
838208
888700
856892
841280
887309
917366
5025150
841884
896954
843184
843185
837048
895935
843111
838499
854839
972422
856855
853441
862982
881971
895882
837049
856891
841279
841883
860519
854684
847728
972423
4903570
913557
856803
853235
862983
4903863
922556
876702
881359
951613
858757
848507
838208
888700
856892
841280
887309
917366
5025150
841884
896954
843184
843185
837048
895935
843111
838499
854839
972422
856855
853441
862982
881971
895882
837049
856891
841279
841883
860519
854684
847728
972423
4903570
913557
856803
853235
862983
4903863
922556
876702
881359
951613
858757
848507
838208
888700
856892
841280
887309
917366
5025150
841884
896954
843184
843185
837048
895935
843111
838499
854839
972422
856855
853441
862982
881971
895882
837049
856891
841279
841883
860519
854684
847728
972423
4903570
913557
856803
853235
862983
4903863
922556
876702
881359
951613
858757
848507
838208
888700
856892
841280
887309
917366
5025150
841884
896954
843184
843185
837048
895935
843111
838499
854839
972422
856855
853441
862982
881971
895882
837049
856891
841279
841883
860519
854684
847728
972423
4903570
913557
856803
853235
862983
4903863
922556
876702
881359
951613
858757
848507
838208
888700
856892
841280
887309
917366
5025150
841884
896954
843184
843185
837048
895935
843111
838499
854839
972422
856855
853441
862982
881971
895882
837049
856891
841279
841883
860519
854684
847728
972423
4903570
913557
856803
853235
862983
4903863
922556
876702
881359
951613
858757
848507
838208
888700
856892
841280
887309
917366
5025150
841884
896954
843184
843185
837048
895935
843111
838499
854839
972422
856855
853441
862982
881971
895882
837049
856891
841279
841883
860519
854684
847728
972423
4903570
913557
856803
853235
862983
4903863
922556
876702
881359
951613
858757
848507
838208
888700
856892
841280
887309
917366
5025150
841884
896954
843184
843185
837048
895935
843111
838499
854839
972422
856855
853441
862982
881971
895882
837049
856891
841279
841883
860519
854684
847728
972423
4903570
913557
856803
853235
862983
4903863
922556
876702
881359
951613
858757
848507
838208
888700
856892
841280
887309
917366
5025150
841884
896954
843184
843185
837048
895935
843111
838499
854839
972422
856855
853441
862982
881971
895882
837049
856891
841279
841883
860519
854684
847728
972423
4903570
913557
856803
853235
862983
4903863
922556
876702
881359
951613
858757
848507
838208
888700
856892
841280
887309
917366
5025150
841884
896954
942162
832957
820702
832958
820708
867518
837080
833204
849723
972405
859114
839946
844631
884493
820712
867442
837081
895161
833205
900400
5028038
4997554
853321
853028
973129
949861
859170
838347
844526
878165
4905734
874734
884494
826118
867443
847625
839953
851390
840604
891430
906137
817625
833206
899278
5028039
942162
832957
820702
832958
820708
867518
837080
833204
849723
972405
859114
839946
844631
884493
820712
867442
837081
895161
833205
900400
5028038
4997554
853321
853028
973129
949861
859170
838347
844526
878165
4905734
874734
884494
826118
867443
847625
839953
851390
840604
891430
906137
817625
833206
899278
5028039
942162
832957
820702
832958
820708
867518
837080
833204
849723
972405
859114
839946
844631
884493
820712
867442
837081
895161
833205
900400
5028038
4997554
853321
853028
973129
949861
859170
838347
844526
878165
4905734
874734
884494
826118
867443
847625
839953
851390
840604
891430
906137
817625
833206
942162
832957
820702
832958
820708
867518
837080
833204
849723
972405
859114
839946
844631
884493
820712
867442
837081
895161
833205
900400
5028038
4997554
853321
853028
973129
949861
859170
838347
844526
878165
4905734
874734
884494
826118
867443
847625
839953
851390
840604
891430
906137
817625
833206
942162
832957
820702
832958
820708
867518
837080
833204
849723
972405
859114
839946
844631
884493
820712
867442
837081
895161
833205
900400
5028038
4997554
853321
853028
973129
949861
859170
838347
844526
878165
4905734
874734
884494
826118
867443
847625
839953
851390
840604
891430
906137
817625
833206
843184
843185
837048
895935
843111
838499
854839
972422
856855
853441
862982
881971
895882
837049
856891
841279
841883
860519
854684
847728
972423
4903570
913557
856803
853235
862983
4903863
922556
876702
881359
951613
858757
848507
838208
888700
856892
841280
887309
917366
5025150
841884
896954
843184
843185
837048
895935
843111
838499
854839
972422
856855
853441
862982
881971
895882
837049
856891
841279
841883
860519
854684
847728
972423
4903570
913557
856803
853235
862983
4903863
922556
876702
881359
951613
858757
848507
838208
888700
856892
841280
887309
917366
5025150
841884
896954
843184
843185
837048
895935
843111
838499
854839
972422
856855
853441
862982
881971
895882
837049
856891
841279
841883
860519
854684
847728
972423
4903570
913557
856803
853235
862983
4903863
922556
876702
881359
951613
858757
848507
838208
888700
856892
841280
887309
917366
5025150
841884
896954
843184
843185
837048
895935
843111
838499
854839
972422
856855
853441
862982
881971
895882
837049
856891
841279
841883
860519
854684
847728
972423
4903570
913557
856803
853235
862983
4903863
922556
876702
881359
951613
858757
848507
838208
888700
856892
841280
887309
917366
5025150
841884
896954
843184
843185
837048
895935
843111
838499
854839
972422
856855
853441
862982
881971
895882
837049
856891
841279
841883
860519
854684
847728
972423
4903570
913557
856803
853235
862983
4903863
922556
876702
881359
951613
858757
848507
838208
888700
856892
841280
887309
917366
5025150
841884
896954
942162
832957
820702
832958
820708
867518
837080
833204
849723
972405
859114
839946
844631
884493
820712
867442
837081
895161
833205
900400
5028038
4997554
853321
853028
973129
949861
859170
838347
844526
878165
4905734
874734
884494
826118
867443
847625
839953
851390
840604
891430
906137
817625
833206
899278
5028039
942162
832957
820702
832958
820708
867518
837080
833204
849723
972405
859114
839946
844631
884493
820712
867442
837081
895161
833205
900400
5028038
4997554
853321
853028
973129
949861
859170
838347
844526
878165
4905734
874734
884494
826118
867443
847625
839953
851390
840604
891430
906137
817625
833206
899278
5028039
942162
832957
820702
832958
820708
867518
837080
833204
849723
972405
859114
839946
844631
884493
820712
867442
837081
895161
833205
900400
5028038
4997554
853321
853028
973129
949861
859170
838347
844526
878165
4905734
874734
884494
826118
867443
847625
839953
851390
840604
891430
906137
817625
833206
899278
5028039
942162
832957
820702
832958
820708
867518
837080
833204
849723
972405
859114
839946
844631
884493
820712
867442
837081
895161
833205
900400
5028038
4997554
853321
853028
973129
949861
859170
838347
844526
878165
4905734
874734
884494
826118
867443
847625
839953
851390
840604
891430
906137
817625
833206
899278
5028039
942162
832957
820702
832958
820708
867518
837080
833204
849723
972405
859114
839946
844631
884493
820712
867442
837081
895161
833205
900400
5028038
4997554
853321
853028
973129
949861
859170
838347
844526
878165
4905734
874734
884494
826118
867443
847625
839953
851390
840604
891430
906137
817625
833206
899278
5028039
942162
832957
820702
832958
820708
867518
837080
833204
849723
972405
859114
839946
844631
884493
820712
867442
837081
895161
833205
900400
5028038
4997554
853321
853028
973129
949861
859170
838347
844526
878165
4905734
874734
884494
826118
867443
847625
839953
851390
840604
891430
906137
817625
833206
899278
5028039
942162
832957
820702
832958
820708
867518
837080
833204
849723
972405
859114
839946
844631
884493
820712
867442
837081
895161
833205
900400
5028038
4997554
853321
853028
973129
949861
859170
838347
844526
878165
4905734
874734
884494
826118
867443
847625
839953
851390
840604
891430
906137
817625
833206
899278
5028039
942162
832957
820702
832958
820708
867518
837080
833204
849723
972405
859114
839946
844631
884493
820712
867442
837081
895161
833205
900400
5028038
4997554
853321
853028
973129
949861
859170
838347
844526
878165
4905734
874734
884494
826118
867443
847625
839953
851390
840604
891430
906137
817625
833206
899278
5028039
942162
832957
820702
832958
820708
867518
837080
833204
849723
972405
859114
839946
844631
884493
820712
867442
837081
895161
833205
900400
5028038
4997554
853321
853028
973129
949861
859170
838347
844526
878165
4905734
874734
884494
826118
867443
847625
839953
851390
840604
891430
906137
817625
833206
899278
5028039
843184
843185
837048
895935
843111
838499
854839
972422
856855
853441
862982
881971
895882
837049
856891
841279
841883
860519
854684
847728
972423
4903570
913557
856803
853235
862983
4903863
922556
876702
881359
951613
858757
848507
838208
888700
856892
841280
887309
917366
5025150
841884
896954
843184
843185
837048
895935
843111
838499
854839
972422
856855
853441
862982
881971
895882
837049
856891
841279
841883
860519
854684
847728
972423
4903570
913557
856803
853235
862983
4903863
922556
876702
881359
951613
858757
848507
838208
888700
856892
841280
887309
917366
5025150
841884
896954
843184
843185
837048
895935
843111
838499
854839
972422
856855
853441
862982
881971
895882
837049
856891
841279
841883
860519
854684
847728
972423
4903570
913557
856803
853235
862983
4903863
922556
876702
881359
951613
858757
848507
838208
888700
856892
841280
887309
917366
5025150
841884
896954
843184
843185
837048
895935
843111
838499
854839
972422
856855
853441
862982
881971
895882
837049
856891
841279
841883
860519
854684
847728
972423
4903570
913557
856803
853235
862983
4903863
922556
876702
881359
951613
858757
848507
838208
888700
856892
841280
887309
917366
5025150
841884
896954
843184
843185
837048
895935
843111
838499
854839
972422
856855
853441
862982
881971
895882
837049
856891
841279
841883
860519
854684
847728
972423
4903570
913557
856803
853235
862983
4903863
922556
876702
881359
951613
858757
848507
838208
888700
856892
841280
887309
917366
5025150
841884
896954
843184
843185
837048
895935
843111
838499
854839
972422
856855
853441
862982
881971
895882
837049
856891
841279
841883
860519
854684
847728
972423
4903570
913557
856803
853235
862983
4903863
922556
876702
881359
951613
858757
848507
838208
888700
856892
841280
887309
917366
5025150
841884
896954
843184
843185
837048
895935
843111
838499
854839
972422
856855
853441
862982
881971
895882
837049
856891
841279
841883
860519
854684
847728
972423
4903570
913557
856803
853235
862983
4903863
922556
876702
881359
951613
858757
848507
838208
888700
856892
841280
887309
917366
5025150
841884
896954
843184
843185
837048
895935
843111
838499
854839
972422
856855
853441
862982
881971
895882
837049
856891
841279
841883
860519
854684
847728
972423
4903570
913557
856803
853235
862983
4903863
922556
876702
881359
951613
858757
848507
838208
888700
856892
841280
887309
917366
5025150
841884
896954
942162
832957
820702
832958
820708
867518
837080
833204
849723
972405
859114
839946
844631
884493
820712
867442
837081
895161
833205
900400
5028038
4997554
853321
853028
973129
949861
859170
838347
844526
878165
4905734
874734
884494
826118
867443
847625
839953
851390
840604
891430
906137
817625
833206
899278
5028039
942162
832957
820702
832958
820708
867518
837080
833204
849723
972405
859114
839946
844631
884493
820712
867442
837081
895161
833205
900400
5028038
4997554
853321
853028
973129
949861
859170
838347
844526
878165
4905734
874734
884494
826118
867443
847625
839953
851390
840604
891430
906137
817625
833206
899278
5028039
942162
832957
820702
832958
820708
867518
837080
833204
849723
972405
859114
839946
844631
884493
820712
867442
837081
895161
833205
900400
5028038
4997554
853321
853028
973129
949861
859170
838347
844526
878165
4905734
874734
884494
826118
867443
847625
839953
851390
840604
891430
906137
817625
833206
899278
5028039
843184
843185
837048
895935
843111
838499
854839
972422
856855
853441
862982
881971
895882
837049
856891
841279
841883
860519
854684
847728
972423
4903570
913557
856803
853235
862983
4903863
922556
876702
881359
951613
858757
848507
838208
888700
856892
841280
887309
917366
5025150
841884
896954
942162
832957
820702
832958
820708
867518
837080
833204
849723
972405
859114
839946
844631
884493
820712
867442
837081
895161
833205
900400
5028038
4997554
853321
853028
973129
949861
859170
838347
844526
878165
4905734
874734
884494
826118
867443
847625
839953
851390
840604
891430
906137
817625
833206
942162
832957
820702
832958
820708
867518
837080
833204
849723
972405
859114
839946
844631
884493
820712
867442
837081
895161
833205
900400
5028038
4997554
853321
853028
973129
949861
859170
838347
844526
878165
4905734
874734
884494
826118
867443
847625
839953
851390
840604
891430
906137
817625
833206
939903
939896
939845
939856
939879
939869
939883
939905
939866
939889
939880
939885
939864
939910
939857
939908
939884
939906
939854
939868
939852
939848
939890
939902
939912
939871
939901
939862
939882
939865
939899
939863
939878
939876
939886
939858
939870
939897
939861
939888
939898
939875
939859
939853
939850
939894
939893
